N = 8; start: 63422291758.599998 us; finish: 63422291765.299995 us; run_time: 6.700000 us
N = 64; start: 63424178974.300003 us; finish: 63424179133.100006 us; run_time: 158.800000 us
N = 128; start: 63425701401.500008 us; finish: 63425702003.299995 us; run_time: 601.800000 us
N = 512; start: 63429011815.500008 us; finish: 63429026094.300003 us; run_time: 14278.800000 us
